2.1281
-27.9190
44.5951
-3.1407
-28.3187
-24.509
11.4125
-10.4459
13.2069
46.5327
11.585
34.6392
47.2593
37.4193
1.8689
-43.6815
-18.6793
27.4050
-17.8934
28.503
-23.7986
44.9883
45.3078
47.7905
-36.1268
26.3433
-1.5391
9.7306
10.6102
29.9396
49.5701
5.8230
-20.6607
-18.6677
21.1254
-24.9004
33.5637
-23.6709
44.9418
27.1611
50.5427
-20.1891
-26.4051
-45.7956
41.3483
-39.9184
12.4292
-28.7902
25.110
31.511
-16.6368
38.6692
40.4441
28.3215
6.5144
-14.7963
-47.9126
3.123
2.1821
14.1051
26.9575
1.4121
24.3994
-6.972
-4.1957
48.751
-33.3277
5.516
5.717
44.8304
-7.8352
-31.7600
35.3616
48.1997
43.977
34.1642
-36.4878
1.3971
12.3051
0.4025
-30.3590
39.3835
-32.8774
-47.9549
27.3776
6.4651
30.6978
-30.1951
-44.1299
36.480
-29.1858
9.3224
-33.2466
-41.7699
-43.8006
-25.4089
-22.839
35.3401
-26.8032
33.1888
0.445
-10.8982
-46.7921
-21.6250
-49.8417
-32.7518
-33.8811
-35.2152
7.4124
20.7823
-31.7419
-25.1372
10.2415
-32.3072
-35.6626
-6.8017
8.4709
-10.3966
-14.7298
49.9201
-27.2417
-45.9945
36.4868
39.2757
38.3894
44.8303
-2.9176
16.2270
29.5489
-18.1752
-6.1424
-22.984
-32.8824
-18.359
-6.1024
4.471
-47.7528
-30.5774
-5.8283
21.5417
-24.5725
50.1732
19.9891
-5.5967
-33.6825
36.7124
-46.659
11.831
21.2085
28.2197
18.6868
-7.1119
-29.8484
-27.9543
22.9322
-42.915
37.3098
41.1394
-47.267
18.1506
26.3374
-35.403
-47.3796
16.8566
3.2130
-31.5146
46.1629
-8.930
22.5155
48.6982
-39.1780
-37.6203
-34.4239
-47.7990
23.6655
-16.1646
-43.5074
15.404
5.2278
9.6651
1.3428
-17.9024
-22.451
-46.3349
-26.2471
18.4853
14.59
37.4298
-46.4829
-3.1063
-35.7590
-6.404
8.6223
-49.8974
-12.9872
45.4131
32.6018
24.7668
-20.1542
-22.1337
-7.6235
-12.1585
-18.2329
31.1431
-41.8027
-16.4873
22.4018
3.1203
24.4707
8.9676
48.3313
38.2604
-2.3169
30.257
-34.9348
33.4881
-19.3673
-36.2591
6.8729
38.9756
33.6338
-47.8718
-1.7047
-45.668
-13.633
-10.4590
40.9149
-12.2414
25.3062
-33.5602
-22.5947
-26.5002
-27.6044
24.9118
-40.4533
-7.2365
16.1255
-49.9726
1.5615
30.9884
35.3040
33.2855
-30.6642
-28.4001
29.3135
21.1731
39.6547
14.3083
26.7461
-10.9324
12.9518
-33.1979
8.18
-27.5191
-5.2544
-30.6427
-37.1820
-39.4562
-16.6689
12.4562
8.8463
36.934
17.893
-2.9560
4.6154
-28.8501
23.3279
28.587
-33.5724
46.1974
-49.8301
-49.7572
2.4399
-5.8761
-10.906
-24.1923
-35.579
-36.4577
-34.3999
28.4035
-40.2256
-19.3739
32.5124
-40.9742
-24.6160
50.6774
-6.9916
-13.140
13.3152
49.475
8.3442
28.5092
24.8253
18.3137
-13.3995
-18.4068
-15.3341
-22.5057
22.5235
-25.4883
33.3250
15.3942
-39.658
-2.7126
2.3407
-33.553
-4.6283
11.6400
-31.2514
2.500
19.6755
40.1288
4.5058
-8.8873
-31.5126
-30.9600
-35.911
30.1590
9.3230
24.8245
9.83
1.2371
-1.435
46.7648
47.1969
10.9159
-10.7123
0.9452
38.4851
31.8609
38.4762
-38.2500
34.1120
6.2665
32.9288
-26.8897
4.5465
16.3669
45.5368
-18.5914
11.3817
-24.928
4.382
27.4665
30.745
-6.1995
2.931
0.1546
36.9064
18.7959
41.1288
45.8857
20.6883
-15.9820
-44.4677
31.334
7.1889
37.9084
9.6622
-21.1595
-42.1037
34.6551
27.9289
44.4823
-14.7688
43.4806
-17.8274
-7.1230
-44.8318
43.4676
-43.6530
-35.2892
-45.7265
44.6030
0.4250
-21.9720
38.641
-23.624
-12.7656
11.1506
36.1230
45.4264
44.5174
26.9639
-18.7798
-26.7635
-34.6884
-31.4382
37.5789
21.4502
-45.2681
20.2259
35.7439
6.3687
-41.6815
23.1089
-19.2752
30.6744
-21.7243
-18.7839
-48.8067
15.6808
40.5373
-9.5048
21.4996
44.9306
37.7924
-7.9972
43.211
23.7117
-45.761
44.4036
35.1317
10.8212
24.2863
-30.5329
4.2017
33.5614
-34.1134
-24.5986
-3.47
-46.1630
-30.1845
-43.1698
38.5531
42.7482
-2.1104
24.2396
-44.7640
16.7552
-44.1891
-34.5571
-25.690
3.6796
30.9788
12.8285
-11.7161
26.5146
19.301
-20.6591
-41.950
22.5951
-12.4232
8.1502
33.5426
16.1772
18.6199
40.3496
-49.429
-9.3479
-17.310
-17.3234
-30.9332
4.8773
27.8175
-30.8119
-45.184
-35.3816
20.4300
-48.4954
-32.8838
-37.7107
-2.5755
31.2358
26.1276
28.1901
-40.4699
30.4052
-21.1330
39.3976
50.4358
-35.9835
-26.2686
-25.2680
24.1496
-45.9578
14.3613
36.2320
-46.4836
-17.2497
-9.5984
-39.1997
-25.8259
29.7390
38.5207
19.1115
-4.8514
-10.274
4.7308
3.685
-10.1732
-43.940
-36.8900
-45.6810
5.8235
12.890
-4.2850
-37.3980
43.4824
23.4457
28.4321
-11.4525
42.2311
-27.5537
-7.2202
-14.4946
-10.4485
44.7763
-4.2072
-39.1126
-43.790
19.3283
-19.5283
-32.7453
19.740
-5.5870
2.5477
-9.7303
29.378
-9.2831
48.9612
18.288
-42.5043
29.6159
41.8302
-41.1849
30.4605
15.2637
-28.3536
-4.2690
-12.4321
45.6766
-40.8723
8.9016
-6.5355
-7.1192
37.8709
-45.635
-13.9899
-19.1852
9.7994
10.5500
-32.2985
40.2529
-16.9741
47.5470
21.9510
-27.7506
-23.6339
-25.728
9.8096
33.3994
0.1537
11.6480
-43.4139
-40.9732
-17.2071
-11.8507
-26.7464
48.3072
40.6577
-22.9994
17.9016
24.1790
8.2896
43.5409
40.8614
49.9599
-33.2544
-3.6846
-33.3009
31.7170
1.5033
-24.7080
-17.7828
-22.5915
2.3539
-39.1634
-1.8693
-20.1771
18.8930
-14.9297
-24.3065
-26.603
27.9466
35.5267
29.2557
2.7663
-41.8144
-48.3565
-24.1027
-42.1959
-23.5289
-28.2167
-10.7705
-18.4174
-42.7987
25.1732
39.6107
5.4781
-39.3520
26.2839
28.1380
4.802
-19.2465
-3.8826
-35.2467
48.1680
-33.2213
22.2642
13.9563
42.5038
-1.602
13.3619
46.9990
-38.9157
-30.2118
-6.1878
31.6754
-26.5377
15.7325
29.823
0.93
3.7051
-1.9687
27.2173
-23.4238
17.1840
25.284
-38.7483
-5.5757
32.9735
43.7545
-16.3827
-29.9372
-43.176
44.2591
38.6229
-6.1118
-33.6358
5.4410
24.4699
-3.7255
31.6370
10.7465
32.6734
-2.334
-31.416
-19.6925
7.2475
-2.7846
23.5945
10.4950
-39.9552
-8.2651
4.1840
11.6045
-13.8868
-20.4747
-14.5637
-46.6624
-35.2266
48.6413
-9.5613
-18.7736
0.9856
-9.4772
-23.6804
-19.9691
-32.4285
43.6708
39.4128
18.2950
22.4957
36.9233
35.2956
31.4485
-47.9500
45.9993
31.978
42.1346
50.7242
-13.1647
-32.4236
-21.1445
-37.19
-41.2423
-7.6930
6.2334
-15.6597
23.725
-37.8836
-28.2762
31.3844
49.6106
13.2145
20.7437
30.5633
26.4997
-7.2259
41.9650
48.9558
22.9570
-40.4281
-43.962
14.4923
-33.392
13.9118
1.9414
24.1454
-15.9988
18.5571
-11.5359
-9.3207
-13.495
1.4135
7.4091
26.6413
2.8142
-32.6115
-12.2048
-2.1212
-39.8353
38.4288
22.9272
38.1202
-16.9647
37.269
3.6656
47.9432
31.1263
-19.7283
24.602
-39.7368
20.6519
24.7230
-44.283
5.3682
-16.8451
-4.6148
-16.3687
3.5814
-8.1642
-25.6399
-5.7694
44.791
-17.9653
-38.8304
-27.1881
-23.31
49.2127
-8.4867
-29.4463
45.5317
-31.41
14.3950
46.1730
-25.1455
9.9834
33.184
22.4516
-37.184
11.5123
3.2004
-2.1100
39.1710
-28.8299
-17.8550
-23.3683
-14.4954
-29.4981
-19.5639
22.4549
-15.3443
-46.5020
26.5068
40.105
47.1880
11.7116
-6.3978
-40.5973
22.5186
21.4960
21.1758
6.6816
-24.7891
14.4459
-16.3120
13.3735
2.6921
-28.2754
12.4909
35.646
33.5493
-4.1525
-7.4624
29.963
-31.3
-18.662
22.6927
-42.8047
17.2557
25.1110
-42.5413
42.7213
3.3792
26.8474
-5.7484
46.3633
-36.5879
39.667
26.683
29.2678
29.4025
-40.7731
30.2693
-3.6593
-10.6787
-39.8681
4.9012
-20.5473
-31.7579
-4.4799
26.934
-34.9682
-43.483
37.7113
34.6330
13.9571
39.9436
-21.7760
12.1837
-23.4833
9.2564
-14.1613
39.1204
14.6062
10.1264
-16.1486
22.7964
-43.2845
-34.4637
-13.781
49.2675
-15.5121
-45.3343
-17.6470
19.2477
49.468
2.673
-40.7610
20.9793
-35.8684
-46.8817
-22.3328
-45.1117
-8.4562
50.451
15.6754
9.986
-49.2148
-37.7013
50.3400
-9.926
-20.1682
43.9046
-4.6187
-1.5502
47.2140
-40.583
-6.694
25.2014
-36.2673
-34.7612
15.1897
-7.2261
-29.1271
-26.6131
-25.6573
47.5243
-2.3227
-19.6481
-45.7382
12.5884
-41.1426
-23.6019
-41.534
28.1092
-3.8208
1.4330
12.1928
-47.9497
-41.3376
-8.5341
-48.8171
-15.2031
32.2149
35.6148
-25.2988
-29.993
46.6829
25.2901
47.711
-8.5754
-46.3511
-19.6652
-27.9200
14.547
41.2328
-49.8359
30.5029
-7.7897
-48.9216
49.1431
-29.2372
35.5970
-3.5632
18.3008
-39.7492
7.8719
-12.7601
22.1945
-11.6518
-7.6190
-27.8487
16.7289
40.9712
22.6745
42.2220
-41.7731
-9.8267
18.9337
-25.4137
14.246
48.7476
22.4001
1.6833
11.1366
-31.5254
14.1460
21.4306
-20.1460
-21.1898
40.4288
-40.8430
38.2140
-8.1006
46.7926
22.1676
-43.1058
0.8405
23.3914
-1.1946
10.387
-16.3221
18.3065
-19.9369
36.890
24.8130
27.4731
-47.2304
-3.2546
-11.2716
-24.2221
-24.3108
-2.9124
-35.8922
-41.9193
-26.4537
47.3869
45.5373
19.5398
-47.5521
-36.510
-17.82
-49.6227
37.8386
4.2403
18.1043
12.1658
-14.1638
3.8045
31.2199
31.2554
8.7624
-17.8628
-38.9637
1.5172
49.1866
7.9962
-2.1836
24.2806
13.7942
30.8354
-20.2904
32.8531
41.7897
-3.9778
-33.5211
-47.5540
